G4int    GdN[34] = {136,     137,     138,     139,     140,     141,     142,     143,     144,     145,     146,     147,     148,     149,     150,     151,    152,     153,     154,     155,     156,     157,     158,     159,     160,     161,    162,     163,     164,     165,     166,     167,     168,     169};
G4double GdA[34] = {135.947, 136.945, 137.94 , 138.938, 139.934, 140.932, 141.928, 142.927, 143.923, 144.922, 145.918, 146.919, 147.918, 148.919, 149.919, 150.92, 151.92 , 152.922, 153.921, 154.923, 155.922, 156.924, 157.924, 158.926, 159.927, 160.93, 161.931, 162.934, 163.936, 164.939, 165.942, 166.946, 167.948, 168.953};
G4double GdS[34] = {75,      64,      54,      54,      43,      32,      32,      22,      22,      40,      6,       4,       4,       5,       7,       4,      3,       3,       3,       3,       3,       3,       3,       3,       3,       3,      5,       32,      43,      54,      64,      64,      75,      86};
G4double GdW[34] = {0,       0,       0,       0,       0,       0,       0,       0,       0,       0,       0,       0,       0,       0,       0,       0,      0.2,     0,       2.18,    14.8,    20.47,   15.65,   24.84,   0,       21.86,   0,      0,       0,       0,       0,       0,       0,       0,       0};
   
AddElement("Gd", 64, 34, *GdN , *GdA , *GdS , *GdW);



G4int SN[24] =    {26,      27,      28,      29,      30,      31,      32,      33,      34,      35,     36,      37,      38,      39,      40,      41,    42,      43,      44,      45,      46,      47,      48,     49};
G4double SA[24] = {26.0279, 27.0188, 28.0044, 28.9966, 29.9849, 30.9796, 31.9721, 32.9715, 33.9679, 34.969, 35.9671, 36.9711, 37.9712, 38.9751, 39.9755, 40.98, 41.9815, 42.9866, 43.9883, 44.9948, 45.9996, 47.0076, 48.013, 49.022 };
G4double SW[24] = {0,       0,       0,       0,       0,       0,       94.93,   0.76,    4.29,    0,      0.02,    0,       0,       0,       0,       0,     0,       0,       0,       0,       0,       0,       0,      0};
   
AddElement("S", 16, 24, *SN , *SA , *SS , *SW);